11
12
22
86
87
88
207
344
356
359
555
922
1274
1392
1500
1506
1520
1677
1990
2512
2513
2520
2538
2605
2625
2808
2809
2855
2856
3066
3077
3215
3401
3729
3823
3830
3848
3980
4410
4411
4413
4424
4472
4477
4504
4505
4517
4518
4533
4587
4661
4693
4750
4769
4770
4786
5153
5154
5155
5173
5244
5321
5331
5337
5378
5379
5444
5467
5468
5524
5525
5527
5574
5777
5779
5818
5825
5872
5891
5979
6117
6119
6120
6129
6202
6203
6316
6354
6355
6390
6443
6458
6459
6762
6771
6793
6863
6888
7032
7134
7253
7303
7318
7359
7421
7448
